0  1  2  3  4  5  6  7  8  9  10 11 12 13 14 15 16 17 18 19 20 21 22 23
读DN码命令：
02 000a 0100 05 0000 0c03	WUPB
02 0010 0100 1d 0000 0000 0008 0108 0f03	ATTRIB
02 000e 0100 00a4 0000 0260 02c9 03		SELECT FILE
02 000c 0100 0036 0000 0831 03		
02 000c 0100 80b0 0000 201f 03
02 0016 0100 0088 0052 0af0 0000 0000 000000 0000 35 03		内部认证

02 00 07 01 56 52 03 //读版本号
02 00 07 01 01 05 03 //打开载波
02 00 07 01 02 06 03 //关闭载波
02 00 07 01 03 07 03 //读寄存器
02 00 07 01 04 00 03 //写寄存器
02 00 07 01 05 01 03 //写然后读

02 00 13 01 58 42 4C 45 2d 42 4F 4C 55 54 45 4B 33 53 03//设备名称更改
02 00 09 01 59 00 1E 4D 03   //串口命令超时时间设定(default:30s)
02 00 09 01 5A 00 0A 5A 03   //寻卡命令超时时间设定(default:10s)
02 00 07 01 5B 5F 03 //读MAC地址 6字节 64 CF D9 2C 1A D1
02 00 0D 01 5C 01 02 03 04 05 06 55 03 //写MAC地址 6字节

读DN码命令返回：
02 0014 0100 5000 0000 00D1 0300 8100 70C0 00A4 03
02 0009 0100 0800 0203
02 000A 0100 9000 0099 03
02 0012 0100 110E 9001 6216 3027 9000 006C 03
02 002A 0100 0001 4148 0109 0319 0000 0000 0002 A77D5E8FB65A8CFEFDC969C6077F8471E048 9000 008A 03
02 0012 0100 E861 9CCA 27E7 98C3 9000 00C5 03